,Date,^BVSP,^GSPC
0,2011-09-22,53280.0,1129.56005859375
1,2011-09-23,53230.0,1136.4300537109375
2,2011-09-26,53748.0,1162.949951171875
3,2011-09-27,53920.0,1175.3800048828125
4,2011-09-28,53270.0,1151.06005859375
5,2011-09-29,53385.0,1160.4000244140625
6,2011-09-30,52324.0,1131.4200439453125
7,2011-10-03,50792.0,1099.22998046875
8,2011-10-04,50686.0,1123.949951171875
9,2011-10-05,51014.0,1144.030029296875
10,2011-10-06,52290.0,1164.969970703125
11,2011-10-07,51244.0,1155.4599609375
12,2011-10-10,53273.0,1194.8900146484375
13,2011-10-11,53838.0,1195.5400390625
14,2011-10-12,,1207.25
15,2011-10-13,54601.0,1203.6600341796875
16,2011-10-14,55030.0,1224.5799560546875
17,2011-10-17,53911.0,1200.8599853515625
18,2011-10-18,55032.0,1225.3800048828125
19,2011-10-19,54966.0,1209.8800048828125
20,2011-10-20,54010.0,1215.3900146484375
21,2011-10-21,55255.0,1238.25
22,2011-10-24,56892.0,1254.18994140625
23,2011-10-25,56286.0,1229.050048828125
24,2011-10-26,57144.0,1242.0
25,2011-10-27,59270.0,1284.5899658203125
26,2011-10-28,59513.0,1285.0899658203125
27,2011-10-31,58338.0,1253.300048828125
28,2011-11-01,57323.0,1218.280029296875
29,2011-11-02,,1237.9000244140625
30,2011-11-03,58196.0,1261.1500244140625
31,2011-11-04,58670.0,1253.22998046875
32,2011-11-07,59199.0,1261.1199951171875
33,2011-11-08,59026.0,1275.9200439453125
34,2011-11-09,57550.0,1229.0999755859375
35,2011-11-10,57322.0,1239.699951171875
36,2011-11-11,58547.0,1263.8499755859375
37,2011-11-14,58258.0,1251.780029296875
38,2011-11-15,,1257.81005859375
39,2011-11-16,58560.0,1236.9100341796875
40,2011-11-17,56989.0,1216.1300048828125
41,2011-11-18,56731.0,1215.6500244140625
42,2011-11-21,56285.0,1192.97998046875
43,2011-11-22,55878.0,1188.0400390625
44,2011-11-23,54972.0,1161.7900390625
45,2011-11-24,55280.0,
46,2011-11-25,54894.0,1158.6700439453125
47,2011-11-28,56017.0,1192.550048828125
48,2011-11-29,55300.0,1195.18994140625
49,2011-11-30,56875.0,1246.9599609375
50,2011-12-01,58143.0,1244.5799560546875
51,2011-12-02,57886.0,1244.280029296875
52,2011-12-05,58910.0,1257.0799560546875
53,2011-12-06,59536.0,1258.469970703125
54,2011-12-07,58663.0,1261.010009765625
55,2011-12-08,57455.0,1234.3499755859375
56,2011-12-09,58236.0,1255.18994140625
57,2011-12-12,57347.0,1236.469970703125
58,2011-12-13,57495.0,1225.72998046875
59,2011-12-14,56647.0,1211.8199462890625
60,2011-12-15,56331.0,1215.75
61,2011-12-16,56097.0,1219.6600341796875
62,2011-12-19,55298.0,1205.3499755859375
63,2011-12-20,56865.0,1241.300048828125
64,2011-12-21,56653.0,1243.719970703125
65,2011-12-22,57348.0,1254.0
66,2011-12-23,57701.0,1265.3299560546875
67,2011-12-26,57669.0,
68,2011-12-27,58005.0,1265.4300537109375
69,2011-12-28,56534.0,1249.6400146484375
70,2011-12-29,56754.0,1263.02001953125
71,2011-12-30,,1257.5999755859375
72,2012-01-03,59265.0,1277.06005859375
73,2012-01-04,59365.0,1277.300048828125
74,2012-01-05,58546.0,1281.06005859375
75,2012-01-06,58600.0,1277.81005859375
76,2012-01-09,59083.0,1280.699951171875
77,2012-01-10,59806.0,1292.0799560546875
78,2012-01-11,59962.0,1292.47998046875
79,2012-01-12,59921.0,1295.5
80,2012-01-13,59147.0,1289.0899658203125
81,2012-01-16,59956.0,
82,2012-01-17,60646.0,1293.6700439453125
83,2012-01-18,61723.0,1308.0400390625
84,2012-01-19,61927.0,1314.5
85,2012-01-20,62312.0,1315.3800048828125
86,2012-01-23,62386.0,1316.0
87,2012-01-24,62486.0,1314.6500244140625
88,2012-01-25,,1326.06005859375
89,2012-01-26,62953.0,1318.4300537109375
90,2012-01-27,62904.0,1316.3299560546875
91,2012-01-30,62770.0,1313.010009765625
92,2012-01-31,63072.0,1312.4100341796875
93,2012-02-01,64567.0,1324.0899658203125
94,2012-02-02,64593.0,1325.5400390625
95,2012-02-03,65217.0,1344.9000244140625
96,2012-02-06,65224.0,1344.3299560546875
97,2012-02-07,65917.0,1347.050048828125
98,2012-02-08,65831.0,1349.9599609375
99,2012-02-09,65530.0,1351.949951171875
100,2012-02-10,63998.0,1342.6400146484375
101,2012-02-13,65692.0,1351.77001953125
102,2012-02-14,65039.0,1350.5
103,2012-02-15,65368.0,1343.22998046875
104,2012-02-16,66142.0,1358.0400390625
105,2012-02-17,66204.0,1361.22998046875
106,2012-02-21,,1362.2099609375
107,2012-02-22,,1357.6600341796875
108,2012-02-23,65820.0,1363.4599609375
109,2012-02-24,65943.0,1365.739990234375
110,2012-02-27,65241.0,1367.5899658203125
111,2012-02-28,65959.0,1372.1800537109375
112,2012-02-29,65812.0,1365.6800537109375
113,2012-03-01,66810.0,1374.0899658203125
114,2012-03-02,67782.0,1369.6300048828125
115,2012-03-05,66964.0,1364.3299560546875
116,2012-03-06,65114.0,1343.3599853515625
117,2012-03-07,66017.0,1352.6300048828125
118,2012-03-08,66908.0,1365.9100341796875
119,2012-03-09,66704.0,1370.8699951171875
120,2012-03-12,66385.0,1371.0899658203125
121,2012-03-13,68394.0,1395.949951171875
122,2012-03-14,68257.0,1394.280029296875
123,2012-03-15,67749.0,1402.5999755859375
124,2012-03-16,67684.0,1404.1700439453125
125,2012-03-19,67730.0,1409.75
126,2012-03-20,67296.0,1405.52001953125
127,2012-03-21,66860.0,1402.8900146484375
128,2012-03-22,65828.0,1392.780029296875
129,2012-03-23,65813.0,1397.1099853515625
130,2012-03-26,66685.0,1416.510009765625
131,2012-03-27,66037.0,1412.52001953125
132,2012-03-28,65079.0,1405.5400390625
133,2012-03-29,64872.0,1403.280029296875
134,2012-03-30,64511.0,1408.469970703125
135,2012-04-02,65216.0,1419.0400390625
136,2012-04-03,64284.0,1413.3800048828125
137,2012-04-04,63529.0,1398.9599609375
138,2012-04-05,63691.0,1398.0799560546875
139,2012-04-09,62923.0,1382.199951171875
140,2012-04-10,61738.0,1358.5899658203125
141,2012-04-11,61293.0,1368.7099609375
142,2012-04-12,63058.0,1387.5699462890625
143,2012-04-13,62106.0,1370.260009765625
144,2012-04-16,61955.0,1369.5699462890625
145,2012-04-17,62699.0,1390.780029296875
146,2012-04-18,63010.0,1385.1400146484375
147,2012-04-19,62618.0,1376.9200439453125
148,2012-04-20,62494.0,1378.530029296875
149,2012-04-23,61539.0,1366.93994140625
150,2012-04-24,61971.0,1371.969970703125
151,2012-04-25,61750.0,1390.68994140625
152,2012-04-26,62198.0,1399.97998046875
153,2012-04-27,61691.0,1403.3599853515625
154,2012-04-30,61820.0,1397.9100341796875
155,2012-05-01,,1405.8199462890625
156,2012-05-02,62424.0,1402.31005859375
157,2012-05-03,62104.0,1391.5699462890625
158,2012-05-04,60821.0,1369.0999755859375
159,2012-05-07,61220.0,1369.5799560546875
160,2012-05-08,60365.0,1363.719970703125
161,2012-05-09,59786.0,1354.5799560546875
162,2012-05-10,59702.0,1357.989990234375
163,2012-05-11,59445.0,1353.3900146484375
164,2012-05-14,57540.0,1338.3499755859375
165,2012-05-15,56238.0,1330.6600341796875
166,2012-05-16,55888.0,1324.800048828125
167,2012-05-17,54038.0,1304.8599853515625
168,2012-05-18,54513.0,1295.219970703125
169,2012-05-21,56590.0,1315.989990234375
170,2012-05-22,55039.0,1316.6300048828125
171,2012-05-23,54619.0,1318.8599853515625
172,2012-05-24,54063.0,1320.6800537109375
173,2012-05-25,54463.0,1317.8199462890625
174,2012-05-28,55213.0,
175,2012-05-29,54633.0,1332.4200439453125
176,2012-05-30,53798.0,1313.3199462890625
177,2012-05-31,54490.0,1310.3299560546875
178,2012-06-01,53403.0,1278.0400390625
179,2012-06-04,53417.0,1278.1800537109375
180,2012-06-05,52481.0,1285.5
181,2012-06-06,54156.0,1315.1300048828125
182,2012-06-07,,1314.989990234375
183,2012-06-08,54430.0,1325.6600341796875
184,2012-06-11,54001.0,1308.9300537109375
185,2012-06-12,55049.0,1324.1800537109375
186,2012-06-13,55651.0,1314.8800048828125
187,2012-06-14,55352.0,1329.0999755859375
188,2012-06-15,56105.0,1342.8399658203125
189,2012-06-18,56195.0,1344.780029296875
190,2012-06-19,57195.0,1357.97998046875
191,2012-06-20,57167.0,1355.68994140625
192,2012-06-21,55505.0,1325.510009765625
193,2012-06-22,55440.0,1335.02001953125
194,2012-06-25,53805.0,1313.719970703125
195,2012-06-26,53837.0,1319.989990234375
196,2012-06-27,53109.0,1331.8499755859375
197,2012-06-28,52652.0,1329.0400390625
198,2012-06-29,54355.0,1362.1600341796875
199,2012-07-02,54693.0,1365.510009765625
200,2012-07-03,55780.0,1374.02001953125
201,2012-07-04,56077.0,
202,2012-07-05,56379.0,1367.5799560546875
203,2012-07-06,55394.0,1354.6800537109375
204,2012-07-09,,1352.4599609375
205,2012-07-10,53706.0,1341.469970703125
206,2012-07-11,53569.0,1341.449951171875
207,2012-07-12,53421.0,1334.760009765625
208,2012-07-13,54331.0,1356.780029296875
209,2012-07-16,53402.0,1353.6400146484375
210,2012-07-17,53909.0,1363.6700439453125
211,2012-07-18,54583.0,1372.780029296875
212,2012-07-19,55347.0,1376.510009765625
213,2012-07-20,54195.0,1362.6600341796875
214,2012-07-23,53034.0,1350.52001953125
215,2012-07-24,52639.0,1338.31005859375
216,2012-07-25,52608.0,1337.8900146484375
217,2012-07-26,54003.0,1360.02001953125
218,2012-07-27,56553.0,1385.969970703125
219,2012-07-30,57241.0,1385.300048828125
220,2012-07-31,56097.0,1379.3199462890625
221,2012-08-01,55623.0,1375.3199462890625
222,2012-08-02,55520.0,1365.0
223,2012-08-03,57255.0,1390.989990234375
224,2012-08-06,58345.0,1394.22998046875
225,2012-08-07,57726.0,1401.3499755859375
226,2012-08-08,58951.0,1402.219970703125
227,2012-08-09,58797.0,1402.800048828125
228,2012-08-10,59281.0,1405.8699951171875
229,2012-08-13,59123.0,1404.1099853515625
230,2012-08-14,58083.0,1403.9300537109375
231,2012-08-15,58189.0,1405.530029296875
232,2012-08-16,59446.0,1415.510009765625
233,2012-08-17,59082.0,1418.1600341796875
234,2012-08-20,59283.0,1418.1300048828125
235,2012-08-21,58918.0,1413.1700439453125
236,2012-08-22,59381.0,1413.489990234375
237,2012-08-23,58512.0,1402.0799560546875
238,2012-08-24,58426.0,1411.1300048828125
239,2012-08-27,58111.0,1410.43994140625
240,2012-08-28,58406.0,1409.300048828125
241,2012-08-29,57369.0,1410.489990234375
242,2012-08-30,57256.0,1399.47998046875
243,2012-08-31,57061.0,1406.5799560546875
244,2012-09-03,57281.0,
245,2012-09-04,56234.0,1404.93994140625
246,2012-09-05,56864.0,1403.43994140625
247,2012-09-06,58321.0,1432.1199951171875
248,2012-09-07,,1437.9200439453125
249,2012-09-10,58404.0,1429.0799560546875
250,2012-09-11,59423.0,1433.56005859375
251,2012-09-12,59922.0,1436.56005859375
252,2012-09-13,61958.0,1459.989990234375
253,2012-09-14,62105.0,1465.77001953125
254,2012-09-17,61806.0,1461.18994140625
255,2012-09-18,61804.0,1459.3199462890625
256,2012-09-19,61652.0,1461.050048828125
257,2012-09-20,61688.0,1460.260009765625
258,2012-09-21,61320.0,1460.1500244140625
259,2012-09-24,61910.0,1456.8900146484375
260,2012-09-25,60501.0,1441.5899658203125
261,2012-09-26,60478.0,1433.3199462890625
262,2012-09-27,60240.0,1447.1500244140625
263,2012-09-28,59176.0,1440.6700439453125
264,2012-10-01,59571.0,1444.489990234375
265,2012-10-02,59222.0,1445.75
266,2012-10-03,58627.0,1450.989990234375
267,2012-10-04,58458.0,1461.4000244140625
268,2012-10-05,58572.0,1460.9300537109375
269,2012-10-08,59317.0,1455.8800048828125
270,2012-10-09,58939.0,1441.47998046875
271,2012-10-10,58456.0,1432.56005859375
272,2012-10-11,59162.0,1432.8399658203125
273,2012-10-12,,1428.5899658203125
274,2012-10-15,59602.0,1440.1300048828125
275,2012-10-16,59744.0,1454.9200439453125
276,2012-10-17,60087.0,1460.9100341796875
277,2012-10-18,59734.0,1457.3399658203125
278,2012-10-19,58922.0,1433.18994140625
279,2012-10-22,58700.0,1433.8199462890625
280,2012-10-23,57690.0,1413.1099853515625
281,2012-10-24,57161.0,1408.75
282,2012-10-25,57837.0,1412.969970703125
283,2012-10-26,57277.0,1411.93994140625
284,2012-10-29,57177.0,
285,2012-10-30,57684.0,
286,2012-10-31,57068.0,1412.1600341796875
287,2012-11-01,58383.0,1427.5899658203125
288,2012-11-02,,1414.199951171875
289,2012-11-05,58210.0,1417.260009765625
290,2012-11-06,59459.0,1428.3900146484375
291,2012-11-07,58517.0,1394.530029296875
292,2012-11-08,57524.0,1377.510009765625
293,2012-11-09,57358.0,1379.8499755859375
294,2012-11-12,57064.0,1380.030029296875
295,2012-11-13,57486.0,1374.530029296875
296,2012-11-14,56279.0,1355.489990234375
297,2012-11-15,,1353.3299560546875
298,2012-11-16,55402.0,1359.8800048828125
299,2012-11-19,56451.0,1386.8900146484375
300,2012-11-20,,1387.81005859375
301,2012-11-21,56242.0,1391.030029296875
302,2012-11-22,56437.0,
303,2012-11-23,57574.0,1409.1500244140625
304,2012-11-26,56737.0,1406.2900390625
305,2012-11-27,56248.0,1398.93994140625
306,2012-11-28,56539.0,1409.9300537109375
307,2012-11-29,57853.0,1415.949951171875
308,2012-11-30,57475.0,1416.1800537109375
309,2012-12-03,58202.0,1409.4599609375
310,2012-12-04,57563.0,1407.050048828125
311,2012-12-05,57679.0,1409.280029296875
312,2012-12-06,57656.0,1413.93994140625
313,2012-12-07,58487.0,1418.0699462890625
314,2012-12-10,59248.0,1418.550048828125
315,2012-12-11,59623.0,1427.8399658203125
316,2012-12-12,59474.0,1428.47998046875
317,2012-12-13,59317.0,1419.449951171875
318,2012-12-14,59605.0,1413.5799560546875
319,2012-12-17,59567.0,1430.3599853515625
320,2012-12-18,60461.0,1446.7900390625
321,2012-12-19,60998.0,1435.81005859375
322,2012-12-20,61276.0,1443.68994140625
323,2012-12-21,61007.0,1430.1500244140625
324,2012-12-24,,1426.6600341796875
325,2012-12-26,60960.0,1419.8299560546875
326,2012-12-27,60416.0,1418.0999755859375
327,2012-12-28,60952.0,1402.4300537109375
328,2012-12-31,,1426.18994140625
329,2013-01-02,62550.0,1462.4200439453125
330,2013-01-03,63312.0,1459.3699951171875
331,2013-01-04,62523.0,1466.469970703125
332,2013-01-07,61933.0,1461.8900146484375
333,2013-01-08,61128.0,1457.1500244140625
334,2013-01-09,61579.0,1461.02001953125
335,2013-01-10,61678.0,1472.1199951171875
336,2013-01-11,61497.0,1472.050048828125
337,2013-01-14,62081.0,1470.6800537109375
338,2013-01-15,61728.0,1472.3399658203125
339,2013-01-16,61787.0,1472.6300048828125
340,2013-01-17,62194.0,1480.93994140625
341,2013-01-18,61956.0,1485.97998046875
342,2013-01-21,61900.0,
343,2013-01-22,61692.0,1492.56005859375
344,2013-01-23,61966.0,1494.81005859375
345,2013-01-24,61170.0,1494.8199462890625
346,2013-01-25,,1502.9599609375
347,2013-01-28,60027.0,1500.1800537109375
348,2013-01-29,60406.0,1507.8399658203125
349,2013-01-30,59337.0,1501.9599609375
350,2013-01-31,59761.0,1498.1099853515625
351,2013-02-01,60351.0,1513.1700439453125
352,2013-02-04,59576.0,1495.7099609375
353,2013-02-05,59445.0,1511.2900390625
354,2013-02-06,58951.0,1512.1199951171875
355,2013-02-07,58372.0,1509.3900146484375
356,2013-02-08,58498.0,1517.9300537109375
357,2013-02-11,,1517.010009765625
358,2013-02-12,,1519.4300537109375
359,2013-02-13,58406.0,1520.3299560546875
360,2013-02-14,58077.0,1521.3800048828125
361,2013-02-15,57903.0,1519.7900390625
362,2013-02-18,57614.0,
363,2013-02-19,57314.0,1530.93994140625
364,2013-02-20,56178.0,1511.949951171875
365,2013-02-21,56155.0,1502.4200439453125
366,2013-02-22,56697.0,1515.5999755859375
367,2013-02-25,56618.0,1487.8499755859375
368,2013-02-26,56949.0,1496.93994140625
369,2013-02-27,57274.0,1515.989990234375
370,2013-02-28,57424.0,1514.6800537109375
371,2013-03-01,56884.0,1518.199951171875
372,2013-03-04,56499.0,1525.199951171875
373,2013-03-05,55951.0,1539.7900390625
374,2013-03-06,57940.0,1541.4599609375
375,2013-03-07,58847.0,1544.260009765625
376,2013-03-08,58433.0,1551.1800537109375
377,2013-03-11,58545.0,1556.219970703125
378,2013-03-12,58209.0,1552.47998046875
379,2013-03-13,57386.0,1554.52001953125
380,2013-03-14,57281.0,1563.22998046875
381,2013-03-15,56869.0,1560.699951171875
382,2013-03-18,56973.0,1552.0999755859375
383,2013-03-19,56361.0,1548.3399658203125
384,2013-03-20,56030.0,1558.7099609375
385,2013-03-21,55577.0,1545.800048828125
386,2013-03-22,55243.0,1556.8900146484375
387,2013-03-25,54873.0,1551.68994140625
388,2013-03-26,55671.0,1563.77001953125
